2.06752
2.79369
2.92119
3.01145
3.62432
2.627
1.40813
5.12658
2.53286
1.79535
7.71564
8.30887
5.32151
8.05836
7.17377
6.3671
7.76982
6.16292
6.25196
2.31814
2.48927
3.83115
3.01127
3.14046
5.27043
3.56951
3.97744
3.09825
3.24989
4.24434
2.81706
2.27154
2.98807
4.55233
4.25075
3.24451
3.51432
1.97864
3.71461
4.24924
3.57856
2.65193
3.02302
5.12027
4.48859
3.1153
1.70426
3.5433
3.3918
4.19047
2.28512
3.9657
2.03042
3.2614
3.40373
2.87665
2.15337
4.17673
2.43135
2.83711
2.75528
2.5376
3.34143
3.43387
3.82005
2.85689
1.9967
3.64319
2.77929
4.58067
4.40215
2.71964
2.11417
2.92097
1.2833
4.71134
2.71876
1.53354
3.07732
5.04186
2.93622
4.62964
4.72626
2.23029
4.83999
2.66739
3.79951
3.3285
2.85922
3.81972
3.96006
2.84724
1.50327
3.85474
3.18317
3.63312
1.53668
1.90674
4.48954
3.77054
3.98446
2.51017
1.49417
3.06873
3.46466
3.90688
1.66275
2.53263
4.80953
1.7199
1.61394
3.2333
2.4581
2.61354
4.05781
3.27882
2.16003
3.75694
3.53373
4.21753
1.74663
4.81087
3.5908
3.39009
4.37447
2.79857
4.28372
3.33952
2.30773
2.63652
2.51272
5.30988
2.88416
3.45474
2.5369
4.94595
2.18417
4.15521
4.08913
3.88434

5.45325
1.7125
2.49499
2.82545
3.29654
4.43958
4.0602
4.55836
2.75559
1.94232
3.04699
2.58454
4.40789
4.3827
2.53427
2.8375
3.99963
3.14401
3.82
2.00711
3.77091
3.46325
3.78675
3.00731
4.53017
2.86892
3.17521
2.69906
4.56669
2.11887
1.21195
3.25892
2.84827
3.10777
2.69701
2.19336
3.26507
1.86527
2.7811
3.93847
2.03031
2.08418
3.43678
3.07929
4.34945
3.2862
2.03614
2.9005
3.39361
2.94849
5.19095
3.49443
4.46989
3.98854
3.64239
1.81557
4.95744
2.17303
3.65957
3.37235
3.80116
3.75639
4.26413
4.17808
3.96821
3.38713
3.19383
4.26154
3.75182
4.34881
2.04819
3.52922
4.34088
3.96945
2.3466
3.79094
2.39824
4.78482
3.14067
2.8063
3.72569
2.99231
2.42704
3.73525
1.59882
3.78361
4.42285
5.0772
4.55716
3.09502
3.18535
2.89835
4.16525
2.21201
4.75372
3.78828
5.64471
3.44663
4.71587
2.93099
4.41486
3.65194
3.15246
3.96794
2.70084
5.89143
4.23484
4.66414
3.26991
3.90203
2.65009
2.5127
4.66977
2.82956
4.35629
4.04944
5.24546
1.92644
3.34375
2.95666
3.46739
2.38322
3.77051
3.55829
4.33467
3.47424
1.30648
4.57593
3.98504
4.33412
3.33049
2.45043
4.20867
3.52182
4.32686
2.90352
4.49517
3.82909
3.0696
2.63212
2.00114
3.38999
2.46267
3.93309
2.53776
2.95446
2.23682
5.80204
1.94305
3.94961
3.1682
4.68902
2.74014
2.80962
4.45939
3.56006
3.387
3.86189
4.1342
3.03915
2.71768
4.18604
2.25127
3.08126
3.81367
2.11958
3.80432
2.41072
4.32292
3.43317
3.758
4.7645
3.73759
4.72994
3.65655
3.71089
3.9233
4.20057
5.33466
5.73877
3.3629
5.06228
4.0938
3.77432
3.62277
5.31298
2.2109
2.98761
4.24332
2.84757
1.92966
3.44357
2.99862
3.302
4.65321
3.67884
2.37373
3.98164
3.1952
3.01576
3.11998
2.69414
4.21786
2.94151
2.80526
2.92331
2.04529
2.98055
3.87714
3.53059
2.99107
4.86733
3.30098
4.05786
3.96413
5.043
4.37693
2.75689
4.00389
3.40871
2.82954
3.83057
3.57229
2.56704
2.32731
5.7637
3.09084
2.54443
4.75958
1.17889
4.21105
2.15601
1.45533
3.11506
3.29291
4.34976
3.72345
5.42594
4.08747
3.49129
2.38755
4.37
1.56128
3.21759
3.40836
2.67837
3.07744
3.90627
2.50219
3.57799
2.35868
3.5443
1.93951
3.27691
3.24324
4.08169
4.234
3.34258
3.05033
2.86659
4.28681
3.01443
3.47342
2.9895
2.97736
3.09329
2.52125
3.26302
3.3215
2.90046
2.6459
1.40625
2.94352
3.10786
4.71436
1.19251
2.68465
4.73942
3.31529
1.46068
3.86461
4.17384
3.04462
3.29145
5.42077
1.83536
4.49789
4.51394
3.50942
4.00787
2.8181
3.39875
2.89001
3.87094
1.69586
4.39273
3.16569
4.85589
2.81716
4.1913
3.26654
1.84177
4.78547
2.52265
3.76067
2.69564
2.79689
3.79964
2.23177
1.67471
2.08547
2.70339
3.60727
2.31487
3.98948
4.47044
3.58861
3.89714
2.66971
3.71728
3.18065
3.95426
4.19152
2.96449
8.25714
6.93426
6.1549
5.94371
7.03735
7.4996
8.17556
6.09165
5.93187
6.72378
7.89723
7.28892
8.29348
7.689
6.65337
7.88543
8.18425
8.53057
5.97071
8.00369
6.67775
7.26034
8.03016
8.31202
6.77117
7.91285
7.40674
7.91432
7.48111
8.32852
7.396
7.39728
6.12047
7.11628
7.87623
7.66958
7.40082
8.21055
2.35939
4.3209
5.38518
3.13957
2.61347
2.84823
2.41085
3.09098
2.2287
2.90261
1.23008
5.3396
2.82969
3.5396
2.37393
3.65476
2.64079
4.10443
5.14475
3.08444
3.2786
4.34141
3.88242
3.73586
2.02942
1.72777
2.33698
2.73113
3.97851
2.75812
1.63094
1.73332
4.31655
3.57121
2.80113
2.70144
3.14262
4.26244
2.39123
1.63733
3.85454
3.26722
2.57593
1.94823
2.39959
2.62453
3.32054
3.56798
4.16743
2.13744
3.11901
1.37786
5.23573
3.35635
2.44088
2.88441
2.29573
4.04019
3.1388
2.88426
2.38329
5.52392
1.66749
4.38529
3.63314
2.15523
1.23498
4.2778
4.01833
4.73118
2.22597
2.02483
2.43587
2.1091
3.0538
2.52874
4.60693
3.47253
2.87106
4.95126
3.67839
4.36676
7.391
8.57646
6.81986
7.6353
7.98849
7.89158
7.68355
6.52753
5.91001
8.20595
7.96366
7.89398
5.83695
6.09245
7.4789
7.50355
8.37463
8.02298
6.47434
7.23833
5.86196
7.66032
7.07946
6.96857
7.81195
7.35621
7.77887
7.29383
7.23377
7.55711
6.41681
7.31711
7.91767
8.31023
8.38287
8.00402
8.59919
8.78272
7.74458
6.53366
2.41598
4.19422
2.79093
4.09088
2.37583
2.97527
3.50499
5.90552
5.80042
2.91721
4.0645
3.45218
3.68952
3.59304
3.67721
3.85214
5.258
2.07607
2.07852
5.82399
2.70038
2.97009
2.53179
3.38525
3.09021
2.30939
3.47757
4.62879
2.68267
3.92421
1.57522
1.99371
3.6636
3.58226
2.84419
2.17446
2.69112
3.66259
2.85972
4.22189
3.10156
5.47323
1.94703
2.88249
5.67369
3.8569
4.53866
2.54844
4.12027
5.36535
3.87487
4.08151
1.19095
2.67599
5.5132
3.19503
2.73225
2.54392
2.5898
4.68871
2.97933
3.37238
4.49318
5.39822
2.55492
3.35101
3.24045
3.23231
2.08455
4.9004
2.46197
2.58068
2.81453
3.96621
3.05936
4.89303
5.79837
3.1165
4.1944
1.77933
4.21013
3.07111
2.47917
2.61263
4.30928
2.06232
3.89791
4.80454
3.93329
2.22083
5.14413
2.56445
3.31691
4.33125
4.26264
5.24238
4.59896
3.61984
2.97111
5.14275
3.5229
4.12691
4.61687
3.26547
3.30975
3.72687
3.01138
2.37214
2.92521
2.95173
2.40411
3.35361
5.17998
3.44342
3.28914
5.17922
2.25331
1.39717
2.087
4.56835
3.1711
2.60142
2.55359
3.52127
4.11328
3.15046
4.88328
3.8751
4.71222
4.50696
2.72339
4.24507
2.38612
2.27721
3.74392
5.20463
2.35985
4.95352
5.20101
3.8899
2.0958
2.27762
3.03978
3.23592
3.20412
2.8626
4.29121
2.64722
2.7282
3.82895
4.05765
4.20337
2.64701
2.19629
2.62139
2.94491
3.4062
3.95584
1.61813
2.31282
3.81489
2.07914
2.58125
2.84383
4.57398
3.20527
3.48676
3.85436
3.66373
2.81389
4.49902
3.68102
3.27114
2.5795
1.49813
1.61206
3.62349
4.30444
4.03429
3.26319
3.42104
4.00415
3.94425
4.19209
3.95903
3.65864
3.69714
5.26599
2.80788
2.64434
2.95626
5.30198
1.86422
2.68055
3.88994
2.7239
3.9944
1.29401
2.68669
3.17693
2.32043
2.94411
2.73497
1.98506
4.50658
1.41227
3.73469
2.36412
3.19483
1.67992
5.26457
5.63038
4.93007
2.87342
2.68988
3.46322
3.26105
3.05279
3.40871
2.79989
4.36498
7.56106
7.30362
7.2076
7.99943
7.31348
6.51788
3.70794
3.55551
3.61638
4.95642
4.06133
4.26596
4.57627
4.26998
3.18385
5.02116
3.11049
4.8284
1.13018
3.20898
4.37558
2.98248
3.42987
3.78307
2.22194
3.29
2.37339
2.15628
1.85295
4.0815
5.43678
3.4579
2.50513
3.18537
3.24353
3.4771
2.46765
2.55546
2.95131
3.08267
4.86456
3.1666
4.03872
1.27825
2.12189
2.99778
4.88002
3.34916
3.41046
3.24405
4.00132
1.53193
3.38898
2.71899
2.84548
2.1633
3.09624
3.1159
4.77808
1.75037
2.79556
3.60209
2.89301
4.04529
4.25933
1.76614
3.30629
4.45382
2.85669
4.50924
4.78066
1.97491
3.02667
2.81783
4.54206
2.88002
2.92286
2.41005
3.69486
2.4655
3.60315
1.68744
2.57511
4.06605
2.59088
3.8557
1.91418
3.56836
4.38392
3.75942
1.37649
2.53535
4.75787
2.60851
3.1934
1.98811
5.35608
3.05436
5.12831
3.6106
1.11344
3.63802
5.30224
3.22066
3.79927
2.82925
4.5767
2.36135
4.35603
4.21119
3.7648
1.23699
2.97939
4.98584
3.48407
3.35456
3.54494
3.54426
4.43884
2.29018
3.72327
1.79433
3.16071
2.72
2.25501
2.42039
4.3881
4.18368
3.40587
4.33266
1.96057
4.18708
2.93416
3.09166
3.45027
3.94691
1.41068
3.14883
3.38635
4.98588
3.76555
4.05906
5.07371
3.62184
1.75068
2.05636
3.24123
2.82269
3.70422
3.1223
2.56898
2.8821
3.32253
3.42048
3.20551
1.99934
3.21725
3.16247
3.20275
4.1393
3.99441
1.77576
3.15613
2.13899
2.96335
3.70941
2.21348
4.69137
2.32466
2.35583
3.58322
3.39403
4.41354
5.16065
3.61659
1.59799
5.90973
4.60177
3.09629
4.11797
2.58838
2.86448
3.50717
2.36451
2.65809
3.74632
1.71611
4.62728
3.63573
4.52848
4.10656
1.38752
2.99513
1.86454
2.42684
3.88166
1.66033
4.51188
3.9233
4.1864
3.61257
3.40634
3.44536
3.72469
2.7075
2.25819
3.67052
4.24772
3.61419
2.3717
2.8131
1.63608
1.36036
2.597
3.12814
4.7366
3.32418
3.18466
1.67453
3.89476
1.65298
3.58899
4.16992
2.89274
1.68788
2.67408
2.47387
5.70485
2.97526
3.24059
2.95249
2.28047
3.88544
5.49161
3.0106
4.89179
4.96591
4.48331
3.36386
3.54963
2.85053
3.18686
4.61208
3.62557
4.87776
4.5142
3.11175
1.9733
2.26654
1.68412
3.57011
2.82633
4.95546
3.24529
3.05957
2.79879
2.15456
3.0093
2.5762
3.39985
4.20069
3.19945
1.97039
3.69863
3.73395
3.11436
5.66875
1.75154
2.66127
2.99865
4.02394
4.27341
4.10341
3.63814
3.51974
2.544
3.73086
4.00421
5.49354
3.55316
4.10525
3.07621
3.66919
4.50004
1.96694
3.00481
2.05529
3.78562
4.32938
4.39203
5.27948
2.78473
3.21674
2.70582
3.34416
4.16351
5.63605
3.49413
2.31054
3.64266
3.28204
4.25341
5.09276
4.08597
2.32746
3.7484
3.4491
1.70465
3.29513
2.77619
2.81898
5.02688
5.31818
2.07055
2.50978
1.62584
2.6993
2.46367
3.54488
2.55225
3.58062
3.1913
4.60366
2.87828
3.05124
2.75677
1.80362
3.04256
4.63423
5.12792
4.52084
3.25985
1.71327
1.8657
3.46054
2.69056
3.01536
4.40624
5.06212
3.04495
3.9526
2.3149
4.6362
5.98018
3.43002
3.40915
4.70947
4.6862
5.48701
2.1714
2.49281
2.98031
2.02426
2.55879
4.22356
2.07467
1.76591
5.03945
2.39625
3.36587
3.16584
4.72925
3.71551
2.97199
4.36411
3.20831
7.64975
7.92377
8.11586
7.34958
8.61676
8.26587
7.34994
6.9472
7.29719
8.69074
6.25916
7.68103
6.88815
6.60326
6.20764
7.66004
6.71692
7.85877
7.03546
7.9766
7.19961
7.31698
8.41167
7.72662
7.68132
7.43041
5.88018
5.83359
6.68749
6.99951
7.62127
7.36539
7.17163
6.28871
5.73903
8.59831
5.71828
7.66166
6.9361
5.67009
8.36073
8.32977
7.51746
7.12902
7.30793
6.82187
8.18891
8.11294
7.93559
8.05896
6.1
7.93305
8.31264
8.13615
7.51432
6.64314
7.31369
7.50279
6.43194
8.14819
6.79084
8.14279
7.56465
6.75875
6.80865
7.67332
7.45015
5.68136
6.63564
5.57405
7.52459
7.91528
7.0748
6.66654
8.4478
8.04065
8.51398
7.40882
7.98201
7.45177
6.31803
6.12276
7.59315
6.24268
8.22901
7.08631
6.95188
5.3468
7.31935
6.9199
7.58793
6.61948
7.06113
5.33515
6.9578
7.15506
7.90346
5.61793
8.08933
1.96586
4.87277
2.70241
1.36434
1.98724
1.94285
1.92628
1.60077
3.58111
2.00386
3.9288
2.91477
1.60204
2.34764
2.91221
3.48417
2.14361
1.93979
3.04678
4.50094
1.96481
3.24874
3.86593
2.15418
4.86897
3.73537
3.59473
4.11042
2.94716
2.52686
2.48492
4.97403
3.50945
4.97868
2.58818
2.52816
4.89434
2.60426
3.29264
2.3402
4.1555
5.441
4.64265
3.72078
2.89175
7.18051
6.69511
7.31529
8.41009
8.19971
8.6002
7.13039
7.71722
8.39381
5.46934
7.51301
8.94391
8.06334
7.85437
6.48919
5.91502
7.7836
6.87636
5.90215
8.36594
7.98801
7.81871
8.2125
6.80643
7.12711
5.96647
6.68045
6.18106
7.86274
6.46326
8.16642
7.13772
7.35
7.88603
7.8733
5.75284
8.1357
6.72535
6.92929
6.44846
7.3757
8.09556
8.482
7.64708
8.54076
8.17307
8.00947
7.31413
7.13065
6.55704
7.53848
6.62261
7.56265
8.34506
7.81617
7.97927
7.7096
5.48464
8.58473
7.25058
6.29697
8.64553
5.89374
7.98254
8.4022
7.3336
6.32278
7.86486
6.40615
6.92915
7.23564
6.7247
6.44254
7.41753
7.76091
6.17919
7.41992
8.19213
7.89893
6.71411
6.34938
6.57621
7.82098
7.93364
8.06426
8.33778
7.16679
7.90608
7.0303
7.03507
7.53634
8.75494
7.82649
7.0577
6.72025
7.84327
7.70041
6.96534
8.20569
5.19939
7.86409
8.96262
6.23701
6.32733
7.61284
7.91502
6.67741
8.22637
4.04555
5.34965
1.98062
2.42298
2.36897
4.16286
2.87245
3.71665
2.50093
6.76772
7.62714
7.81226
8.44974
8.00033
5.18604
7.01325
8.10352
6.43155
6.77996
7.16402
8.39578
5.67364
7.6161
7.53042
8.49111
8.32502
7.84902
7.28277
7.38948
8.06081
7.97525
6.39484
8.48243
7.33811
7.86319
8.15012
6.09084
7.68333
7.66506
7.96746
6.95521
6.68882
6.8584
6.20149
8.20537
4.13561
2.80973
3.24307
3.98517
3.05315
5.07343
1.64909
2.05329
3.60691
2.52224
3.38599
4.3188
1.88756
8.24563
6.94496
6.55344
8.26801
7.86961
1.56257
4.90697
2.92427
2.7555
3.41653
3.7854
3.96422
2.87261
3.65308
3.09617
5.06614
4.44312
2.09835
3.43786
3.6867
7.09255
8.12526

